,Aaa,Aa1,Aa2,Aa3,A1,A2,A3,Baa1,Baa2,Baa3,Ba1,Ba2,Ba3,B1,B2,B3,Caa1,Caa2,Caa3,Ca,C,Default
Aaa,-14.13,14.13,0.0,0.0,0.0,0.0,0.0,0.0,0.0,0.0,0.0,0.0,0.0,0.0,0.0,0.0,0.0,0.0,0.0,0.0,0.0,0.0
Aa1,0.0,0.0,0.0,0.0,0.0,0.0,0.0,0.0,0.0,0.0,0.0,0.0,0.0,0.0,0.0,0.0,0.0,0.0,0.0,0.0,0.0,0.0
Aa2,0.0,0.0,4.17,-4.17,0.0,0.0,0.0,0.0,0.0,0.0,0.0,0.0,0.0,0.0,0.0,0.0,0.0,0.0,0.0,0.0,0.0,0.0
Aa3,0.0,0.0,-0.21,-0.54,0.06,0.57,0.12,0.0,0.0,0.0,0.0,0.0,0.0,0.0,0.0,0.0,0.0,0.0,0.0,0.0,0.0,0.0
A1,0.0,0.0,-0.92,-14.53,10.93,5.79,-0.42,0.14,-1.01,0.03,0.0,0.0,0.0,0.0,0.0,0.0,0.0,0.0,0.0,0.0,0.0,0.0
A2,0.0,0.0,0.0,0.46,-9.43,8.87,-0.31,0.28,0.06,0.06,0.0,0.0,0.0,0.0,0.0,0.0,0.0,0.0,0.0,0.0,0.0,0.0
A3,0.0,0.0,0.0,0.01,-0.51,-0.24,-3.23,2.39,0.21,1.22,0.08,0.03,0.03,0.0,0.0,0.0,0.0,0.0,0.0,0.0,0.0,0.0
Baa1,0.0,0.0,0.0,0.0,0.01,0.96,0.14,-2.1,3.6,-0.48,-1.07,-1.08,0.0,0.0,0.0,0.0,0.0,0.0,0.0,0.0,0.0,0.0
Baa2,0.0,0.0,0.0,0.0,0.0,0.02,-1.15,-3.35,5.11,0.08,-0.9,0.1,0.09,0.0,0.0,0.0,0.0,0.0,0.0,0.0,0.0,0.0
Baa3,0.0,0.0,0.0,0.0,0.0,0.0,0.25,0.53,0.44,-5.97,2.79,0.51,1.02,0.23,0.12,0.04,0.0,0.0,0.03,0.0,0.0,0.0
Ba1,0.0,0.0,0.0,0.0,0.0,0.0,-1.16,-0.43,1.11,-8.69,13.59,-2.26,2.51,0.55,-0.78,0.09,-2.34,0.01,-1.06,0.01,0.0,-1.17
Ba2,0.0,0.0,0.0,0.0,0.0,0.0,0.0,0.06,0.95,0.69,-1.32,-0.96,0.04,-0.58,2.74,-0.36,-2.32,-1.0,1.23,0.22,0.06,0.56
Ba3,0.0,0.0,0.0,0.0,0.0,0.0,0.0,0.0,0.06,-0.64,-1.23,8.53,-11.62,6.66,3.66,1.51,-0.37,-1.07,0.39,0.03,0.05,-5.97
B1,0.0,0.0,0.0,0.0,0.0,0.0,0.0,0.0,-1.31,0.11,-0.59,0.91,6.46,-4.87,-1.03,1.6,2.26,-0.63,0.39,0.03,0.11,-3.45
B2,0.0,0.0,0.0,0.0,0.0,0.0,0.0,-1.27,0.0,0.01,0.09,0.17,3.35,-5.36,7.02,3.53,-0.45,-2.45,-0.71,0.04,1.16,-5.14
B3,0.0,0.0,0.0,0.0,0.0,0.0,0.0,0.0,0.0,-1.33,-1.01,3.23,-0.62,-7.23,-8.04,-3.34,15.45,4.15,2.09,0.6,-1.02,-2.93
Caa1,0.0,0.0,0.0,0.0,0.0,0.0,0.0,0.0,0.0,0.0,0.02,-0.99,0.54,2.53,0.37,0.91,9.16,-1.34,-6.14,-0.31,0.4,-5.16
Caa2,0.0,0.0,0.0,0.0,0.0,0.0,0.0,0.0,0.0,0.0,0.01,0.33,-0.01,0.25,6.11,7.24,-6.59,-3.43,-4.14,1.18,2.46,-3.44
Caa3,0.0,0.0,0.0,0.0,0.0,0.0,0.0,0.0,0.0,0.0,0.0,0.11,0.91,2.15,-5.17,5.1,6.78,11.67,12.1,6.14,1.63,-41.43
Ca,0.0,0.0,0.0,0.0,0.0,0.0,0.0,0.0,0.0,0.0,0.0,0.01,0.07,0.18,2.11,1.02,1.5,-5.59,6.19,-6.48,3.05,-2.06
C,0.0,0.0,0.0,0.0,0.0,0.0,0.0,0.0,0.0,0.0,0.0,0.0,0.0,0.0,0.0,0.0,0.0,0.0,0.0,0.0,12.5,-12.5
Default,0.0,0.0,0.0,0.0,0.0,0.0,0.0,0.0,0.0,0.0,0.0,0.0,0.0,0.0,0.0,0.0,0.0,0.0,0.0,0.0,0.0,0.0
